image_width: 1280
image_height: 800
camera_name: arducam
camera_matrix:
  rows: 3
  cols: 3
  data: [895.5205 ,   0.     , 640.62349,
           0.     , 893.07929, 395.56321,
           0.     ,   0.     ,   1.     ]
distortion_model: plumb_bob
distortion_coefficients:
  rows: 1
  cols: 5
  data: [0.037086, -0.057952, -0.001843, -0.001033, 0.000000]
rectification_matrix:
  rows: 3
  cols: 3
  data: [1., 0., 0.,
         0., 1., 0.,
         0., 0., 1.]
projection_matrix:
  rows: 3
  cols: 4
  data: [898.44379,   0.     , 638.68924,   0.     ,
           0.     , 897.84387, 393.88453,   0.     ,
           0.     ,   0.     ,   1.     ,   0.     ]
